/usr/bin/python /Users/vunguyen/naivebayes/nbdocv1ec.py
[[ 240.    0.    0.    0.    0.    1.    0.    0.    0.    0.    1.    1.    1.    2.    3.   42.    4.    7.    7.    9.]
 [   3.  296.    6.   12.    8.   21.    1.    3.    2.    0.    0.   17.    4.    3.    7.    4.    0.    1.    1.    0.]
 [   3.   33.  209.   60.   10.   30.    0.    1.    2.    2.    1.   16.    1.    4.    4.    5.    0.    0.    9.    1.]
 [   0.    8.   15.  303.   22.    2.    5.    6.    0.    0.    1.    5.   24.    0.    1.    0.    0.    0.    0.    0.]
 [   1.    8.    9.   36.  277.    2.    5.    4.    1.    1.    0.    4.   16.    8.    2.    0.    3.    0.    6.    0.]
 [   0.   42.    8.   11.    2.  305.    1.    0.    2.    1.    0.   10.    0.    0.    3.    1.    1.    1.    2.    0.]
 [   0.    9.    4.   46.   21.    0.  235.   31.    5.    0.    1.    3.    9.    2.    3.    4.    1.    3.    5.    0.]
 [   0.    1.    0.    2.    0.    1.    5.  356.    5.    2.    0.    1.    5.    0.    2.    1.    5.    1.    8.    0.]
 [   0.    1.    0.    0.    0.    0.    1.   25.  353.    2.    0.    1.    1.    1.    0.    1.    4.    2.    5.    0.]
 [   4.    0.    0.    1.    1.    3.    2.    3.    1.  348.   16.    2.    2.    0.    0.    3.    1.    2.    8.    0.]
 [   2.    0.    0.    0.    0.    0.    0.    1.    0.    4.  383.    0.    0.    2.    1.    2.    0.    1.    3.    0.]
 [   0.    4.    1.    1.    2.    1.    1.    0.    0.    0.    0.  361.    3.    2.    0.    2.    8.    0.    8.    1.]
 [   2.   17.    0.   28.    7.    3.    1.    9.    2.    0.    1.   46.  260.    6.    4.    5.    0.    2.    0.    0.]
 [  10.    7.    1.    3.    0.    0.    0.    4.    0.    1.    0.    1.    3.  324.    3.   17.    3.    7.    9.    0.]
 [   4.    8.    0.    0.    0.    1.    0.    0.    1.    0.    1.    4.    4.    4.  336.    4.    1.    2.   21.    1.]
 [   7.    2.    1.    0.    1.    2.    0.    0.    0.    0.    0.    1.    0.    1.    0.  377.    3.    1.    1.    1.]
 [   1.    0.    0.    0.    1.    0.    1.    3.    1.    1.    1.    3.    0.    1.    2.    3.  324.    2.   16.    4.]
 [  12.    1.    0.    0.    0.    0.    0.    2.    1.    1.    1.    4.    0.    0.    0.    7.    3.  325.   19.    0.]
 [   7.    1.    0.    0.    0.    1.    0.    1.    0.    0.    0.    3.    0.    3.    7.    2.   95.    4.  185.    1.]
 [  47.    3.    0.    0.    0.    0.    0.    0.    1.    0.    0.    1.    0.    3.    5.   68.   19.    5.    7.   92.]]
class 0 accuracy: 0.754716981132
class 1 accuracy: 0.760925449871
class 2 accuracy: 0.53452685422
class 3 accuracy: 0.772959183673
class 4 accuracy: 0.723237597911
class 5 accuracy: 0.782051282051
class 6 accuracy: 0.615183246073
class 7 accuracy: 0.901265822785
class 8 accuracy: 0.889168765743
class 9 accuracy: 0.876574307305
class 10 accuracy: 0.959899749373
class 11 accuracy: 0.913924050633
class 12 accuracy: 0.661577608142
class 13 accuracy: 0.824427480916
class 14 accuracy: 0.857142857143
class 15 accuracy: 0.947236180905
class 16 accuracy: 0.89010989011
class 17 accuracy: 0.864361702128
class 18 accuracy: 0.596774193548
class 19 accuracy: 0.366533864542
Overall accuracy: 0.784676882079
Elapsed time is 1677.77052784 seconds.

Process finished with exit code 0
